Semestre 1 compu
I5893
I5894
I5892
I7022
I6123

Semestre 2 compu
I5894
I5896
I5882
I5883
I7023
I7024

Semestre 3 compu
I7020
I0


Semestre 4 compu
Semestre 5 compu
Semestre 6 compu

Horario de una amiga de qfb
I6176
I6154
I6175
I6170
I6166

|07|08|09|10|11|12|13|14|15|16|17|18|19|20|21
L|  |  |  |  |  |  |  |  |1 |1 |  |  |  |  |  |
M|  |  |  |  |  |  |2 |2 |0 |0 |  |  |  |  |  |
I|  |  |  |  |  |  |  |  |1 |1 |  |  |  |  |  |
J|  |  |  |  |  |  |2 |2 |0 |0 |  |  |  |  |  |
V|  |  |  |  |  |  |  |  |  |  |  |  |  |  |  |
S|  |  |  |  |  |  |  |  |  |  |  |  |  |  |  |

179962 42696 125200
Fitness: 198
Se repite  6
 |07|08|09|10|11|12|13|14|15|16|17|18|19|20|21
L|  |  |  |  |  |  |  |  |2 |2 |0 |0 |  |  |  |
M|  |  |  |  |  |  |  |  |  |  |  |  |  |  |  |
I|  |  |  |  |  |  |  |  |2 |2 |0 |0 |  |  |  |
J|  |  |  |  |  |  |  |  |  |  |  |  |  |  |  |
V|  |  |  |  |  |  |  |  |1 |1 |1 |1 |  |  |  |
S|  |  |  |  |  |  |  |  |  |  |  |  |  |  |  |

42486 42676 123142
Fitness: 198
Se repite  4
 |07|08|09|10|11|12|13|14|15|16|17|18|19|20|21
L|  |  |  |  |  |  |  |  |  |  |0 |0 |  |  |  |
M|  |  |  |  |  |  |  |  |1 |1 |  |  |  |  |  |
I|  |  |  |  |  |  |  |  |2 |2 |0 |0 |  |  |  |
J|  |  |  |  |  |  |  |  |1 |1 |  |  |  |  |  |
V|  |  |  |  |  |  |  |  |2 |2 |  |  |  |  |  |
S|  |  |  |  |  |  |  |  |  |  |  |  |  |  |  |

42486 124206 42403
Fitness: 198
Se repite  5
 |07|08|09|10|11|12|13|14|15|16|17|18|19|20|21
L|  |  |  |  |  |  |  |  |  |  |0 |0 |  |  |  |
M|  |  |  |  |  |  |  |  |2 |2 |1 |1 |  |  |  |
I|  |  |  |  |  |  |  |  |  |  |0 |0 |  |  |  |
J|  |  |  |  |  |  |  |  |2 |2 |1 |1 |  |  |  |
V|  |  |  |  |  |  |  |  |  |  |  |  |  |  |  |
S|  |  |  |  |  |  |  |  |  |  |  |  |  |  |  |

42485 42707 123141
Fitness: 198
Se repite  2
 |07|08|09|10|11|12|13|14|15|16|17|18|19|20|21
L|  |  |  |  |  |  |  |  |  |  |  |  |  |  |  |
M|2 |2 |0 |0 |  |  |  |  |  |  |  |  |  |  |  |
I|  |  |1 |1 |  |  |  |  |  |  |  |  |  |  |  |
J|2 |2 |0 |0 |  |  |  |  |  |  |  |  |  |  |  |
V|  |  |1 |1 |  |  |  |  |  |  |  |  |  |  |  |
S|  |  |  |  |  |  |  |  |  |  |  |  |  |  |  |

42695 117864 125214
Fitness: 198
Se repite  5
 |07|08|09|10|11|12|13|14|15|16|17|18|19|20|21
L|  |  |1 |1 |  |  |  |  |  |  |  |  |  |  |  |
M|  |  |  |  |0 |0 |  |  |  |  |  |  |  |  |  |
I|  |  |1 |1 |  |  |  |  |  |  |  |  |  |  |  |
J|  |  |  |  |0 |0 |  |  |  |  |  |  |  |  |  |
V|  |  |  |  |  |  |  |  |  |  |  |  |  |  |  |
S|  |  |2 |2 |2 |2 |  |  |  |  |  |  |  |  |  |

42488 42680 125198
Fitness: 198
Se repite  1
 |07|08|09|10|11|12|13|14|15|16|17|18|19|20|21
L|  |  |  |  |  |  |  |  |2 |2 |0 |0 |  |  |  |
M|  |  |  |  |  |  |  |  |  |  |1 |1 |  |  |  |
I|  |  |  |  |  |  |  |  |2 |2 |0 |0 |  |  |  |
J|  |  |  |  |  |  |  |  |  |  |1 |1 |  |  |  |
V|  |  |  |  |  |  |  |  |  |  |  |  |  |  |  |
S|  |  |  |  |  |  |  |  |  |  |  |  |  |  |  |

42707 42486 123142
Fitness: 198
Se repite  2
 |07|08|09|10|11|12|13|14|15|16|17|18|19|20|21
L|  |  |  |  |  |  |1 |1 |0 |0 |  |  |  |  |  |
M|  |  |  |  |  |  |2 |2 |  |  |  |  |  |  |  |
I|  |  |  |  |  |  |1 |1 |0 |0 |  |  |  |  |  |
J|  |  |  |  |  |  |2 |2 |  |  |  |  |  |  |  |
V|  |  |  |  |  |  |  |  |  |  |  |  |  |  |  |
S|  |  |  |  |  |  |  |  |  |  |  |  |  |  |  |

42481 42697 178806
Fitness: 198
Se repite  1
 |07|08|09|10|11|12|13|14|15|16|17|18|19|20|21
L|  |  |  |  |  |  |1 |1 |  |  |  |  |  |  |  |
M|  |  |  |  |  |  |  |  |0 |0 |  |  |  |  |  |
I|  |  |  |  |  |  |1 |1 |2 |2 |  |  |  |  |  |
J|  |  |  |  |  |  |  |  |0 |0 |  |  |  |  |  |
V|  |  |  |  |  |  |  |  |2 |2 |  |  |  |  |  |
S|  |  |  |  |  |  |  |  |  |  |  |  |  |  |  |

42403 152890 42697
Fitness: 198
Se repite  2
 |07|08|09|10|11|12|13|14|15|16|17|18|19|20|21
L|  |  |  |  |1 |1 |  |  |  |  |  |  |  |  |  |
M|  |  |  |  |0 |0 |  |  |  |  |  |  |  |  |  |
I|  |  |  |  |1 |1 |  |  |  |  |  |  |  |  |  |
J|  |  |  |  |0 |0 |  |  |  |  |  |  |  |  |  |
V|  |  |  |  |  |  |  |  |  |  |  |  |  |  |  |
S|  |  |2 |2 |2 |2 |  |  |  |  |  |  |  |  |  |

42489 42673 42404
Fitness: 198
Se repite  4
 |07|08|09|10|11|12|13|14|15|16|17|18|19|20|21
L|  |  |0 |0 |  |  |  |  |  |  |  |  |  |  |  |
M|  |  |  |  |  |  |  |  |  |  |  |  |  |  |  |
I|2 |2 |0 |0 |  |  |  |  |  |  |  |  |  |  |  |
J|  |  |  |  |  |  |  |  |  |  |  |  |  |  |  |
V|2 |2 |  |  |  |  |  |  |  |  |  |  |  |  |  |
S|1 |1 |1 |1 |  |  |  |  |  |  |  |  |  |  |  |

42491 42691 118778
Fitness: 198
Se repite  1
 |07|08|09|10|11|12|13|14|15|16|17|18|19|20|21
L|  |  |  |  |  |  |  |  |2 |2 |  |  |  |  |  |
M|  |  |  |  |  |  |0 |0 |1 |1 |  |  |  |  |  |
I|  |  |  |  |  |  |  |  |2 |2 |  |  |  |  |  |
J|  |  |  |  |  |  |0 |0 |1 |1 |  |  |  |  |  |
V|  |  |  |  |  |  |  |  |  |  |  |  |  |  |  |
S|  |  |  |  |  |  |  |  |  |  |  |  |  |  |  |

123142 42482 124205
Fitness: 198
Se repite  8
 |07|08|09|10|11|12|13|14|15|16|17|18|19|20|21
L|  |  |  |  |  |  |  |  |0 |0 |  |  |  |  |  |
M|  |  |  |  |  |  |2 |2 |1 |1 |  |  |  |  |  |
I|  |  |  |  |  |  |  |  |0 |0 |  |  |  |  |  |
J|  |  |  |  |  |  |2 |2 |1 |1 |  |  |  |  |  |
V|  |  |  |  |  |  |  |  |  |  |  |  |  |  |  |
S|  |  |  |  |  |  |  |  |  |  |  |  |  |  |  |

42497 124205 125200
Fitness: 198
Se repite  1
 |07|08|09|10|11|12|13|14|15|16|17|18|19|20|21
L|  |  |  |  |0 |0 |  |  |  |  |  |  |  |  |  |
M|  |  |2 |2 |1 |1 |  |  |  |  |  |  |  |  |  |
I|  |  |  |  |0 |0 |  |  |  |  |  |  |  |  |  |
J|  |  |  |  |1 |1 |  |  |  |  |  |  |  |  |  |
V|  |  |2 |2 |  |  |  |  |  |  |  |  |  |  |  |
S|  |  |  |  |  |  |  |  |  |  |  |  |  |  |  |

42494 124202 171814
Fitness: 198
Se repite  1
 |07|08|09|10|11|12|13|14|15|16|17|18|19|20|21
L|  |  |  |  |  |  |  |  |0 |0 |  |  |  |  |  |
M|  |  |  |  |  |  |  |  |  |  |1 |1 |  |  |  |
I|  |  |  |  |  |  |  |  |0 |0 |2 |2 |  |  |  |
J|  |  |  |  |  |  |  |  |  |  |1 |1 |  |  |  |
V|  |  |  |  |  |  |  |  |  |  |2 |2 |  |  |  |
S|  |  |  |  |  |  |  |  |  |  |  |  |  |  |  |

125209 42490 42681
Fitness: 198
Se repite  3
 |07|08|09|10|11|12|13|14|15|16|17|18|19|20|21
L|  |  |  |  |1 |1 |  |  |  |  |  |  |  |  |  |
M|  |  |2 |2 |0 |0 |  |  |  |  |  |  |  |  |  |
I|  |  |  |  |1 |1 |  |  |  |  |  |  |  |  |  |
J|  |  |2 |2 |0 |0 |  |  |  |  |  |  |  |  |  |
V|  |  |  |  |  |  |  |  |  |  |  |  |  |  |  |
S|  |  |  |  |  |  |  |  |  |  |  |  |  |  |  |

42488 123139 42673
Fitness: 198
Se repite  1
 |07|08|09|10|11|12|13|14|15|16|17|18|19|20|21
L|  |  |  |  |  |  |  |  |  |  |  |  |  |  |  |
M|  |  |  |  |  |  |0 |0 |1 |1 |  |  |  |  |  |
I|  |  |  |  |  |  |  |  |2 |2 |  |  |  |  |  |
J|  |  |  |  |  |  |0 |0 |1 |1 |  |  |  |  |  |
V|  |  |  |  |  |  |  |  |2 |2 |  |  |  |  |  |
S|  |  |  |  |  |  |  |  |  |  |  |  |  |  |  |

42403 124206 42493
Fitness: 198
Se repite  1
 |07|08|09|10|11|12|13|14|15|16|17|18|19|20|21
L|  |  |  |  |  |  |  |  |  |  |  |  |  |  |  |
M|  |  |  |  |  |  |  |  |1 |1 |  |  |  |  |  |
I|  |  |  |  |  |  |0 |0 |2 |2 |  |  |  |  |  |
J|  |  |  |  |  |  |  |  |1 |1 |  |  |  |  |  |
V|  |  |  |  |  |  |0 |0 |2 |2 |  |  |  |  |  |
S|  |  |  |  |  |  |  |  |  |  |  |  |  |  |  |

42403 42484 124206
Fitness: 198
Se repite  1
 |07|08|09|10|11|12|13|14|15|16|17|18|19|20|21
L|  |  |  |  |  |  |  |  |  |  |2 |2 |  |  |  |
M|  |  |  |  |  |  |  |  |  |  |1 |1 |0 |0 |  |
I|  |  |  |  |  |  |  |  |  |  |  |  |  |  |  |
J|  |  |  |  |  |  |  |  |  |  |1 |1 |0 |0 |  |
V|  |  |  |  |  |  |  |  |  |  |2 |2 |  |  |  |
S|  |  |  |  |  |  |  |  |  |  |  |  |  |  |  |

42483 125210 42690
Fitness: 198
Se repite  2
 |07|08|09|10|11|12|13|14|15|16|17|18|19|20|21
L|  |  |  |  |  |  |  |  |  |  |  |  |  |  |  |
M|  |  |  |  |  |  |  |  |  |  |1 |1 |0 |0 |  |
I|  |  |  |  |  |  |  |  |  |  |  |  |2 |2 |  |
J|  |  |  |  |  |  |  |  |  |  |1 |1 |0 |0 |  |
V|  |  |  |  |  |  |  |  |  |  |  |  |2 |2 |  |
S|  |  |  |  |  |  |  |  |  |  |  |  |  |  |  |

125212 42483 42707
Fitness: 198
Se repite  3
 |07|08|09|10|11|12|13|14|15|16|17|18|19|20|21
L|  |  |1 |1 |2 |2 |  |  |  |  |  |  |  |  |  |
M|  |  |  |  |0 |0 |  |  |  |  |  |  |  |  |  |
I|  |  |1 |1 |2 |2 |  |  |  |  |  |  |  |  |  |
J|  |  |  |  |0 |0 |  |  |  |  |  |  |  |  |  |
V|  |  |  |  |  |  |  |  |  |  |  |  |  |  |  |
S|  |  |  |  |  |  |  |  |  |  |  |  |  |  |  |

42489 42680 42405
Fitness: 198
Se repite  1
 |07|08|09|10|11|12|13|14|15|16|17|18|19|20|21
L|  |  |  |  |  |  |  |  |1 |1 |  |  |  |  |  |
M|  |  |  |  |  |  |2 |2 |0 |0 |  |  |  |  |  |
I|  |  |  |  |  |  |  |  |1 |1 |  |  |  |  |  |
J|  |  |  |  |  |  |2 |2 |0 |0 |  |  |  |  |  |
V|  |  |  |  |  |  |  |  |  |  |  |  |  |  |  |
S|  |  |  |  |  |  |  |  |  |  |  |  |  |  |  |

124204 152890 178806
Fitness: 198
Se repite  6
 |07|08|09|10|11|12|13|14|15|16|17|18|19|20|21
L|  |  |  |  |1 |1 |  |  |  |  |  |  |  |  |  |
M|  |  |  |  |0 |0 |  |  |  |  |  |  |  |  |  |
I|  |  |  |  |1 |1 |  |  |  |  |  |  |  |  |  |
J|  |  |  |  |0 |0 |  |  |  |  |  |  |  |  |  |
V|  |  |  |  |  |  |  |  |  |  |  |  |  |  |  |
S|  |  |2 |2 |2 |2 |  |  |  |  |  |  |  |  |  |

42489 125198 42673
Fitness: 198
Se repite  2
 |07|08|09|10|11|12|13|14|15|16|17|18|19|20|21
L|  |  |0 |0 |  |  |  |  |  |  |  |  |  |  |  |
M|  |  |2 |2 |1 |1 |  |  |  |  |  |  |  |  |  |
I|  |  |0 |0 |  |  |  |  |  |  |  |  |  |  |  |
J|  |  |  |  |1 |1 |  |  |  |  |  |  |  |  |  |
V|  |  |2 |2 |  |  |  |  |  |  |  |  |  |  |  |
S|  |  |  |  |  |  |  |  |  |  |  |  |  |  |  |

42704 42491 171814
Fitness: 198
Se repite  3
 |07|08|09|10|11|12|13|14|15|16|17|18|19|20|21
L|  |  |  |  |  |  |  |  |2 |2 |0 |0 |  |  |  |
M|  |  |  |  |  |  |  |  |  |  |1 |1 |  |  |  |
I|  |  |  |  |  |  |  |  |2 |2 |0 |0 |  |  |  |
J|  |  |  |  |  |  |  |  |  |  |1 |1 |  |  |  |
V|  |  |  |  |  |  |  |  |  |  |  |  |  |  |  |
S|  |  |  |  |  |  |  |  |  |  |  |  |  |  |  |

42496 125216 42707
Fitness: 198
Se repite  1
 |07|08|09|10|11|12|13|14|15|16|17|18|19|20|21
L|  |  |2 |2 |  |  |  |  |  |  |  |  |  |  |  |
M|0 |0 |1 |1 |  |  |  |  |  |  |  |  |  |  |  |
I|  |  |2 |2 |  |  |  |  |  |  |  |  |  |  |  |
J|0 |0 |1 |1 |  |  |  |  |  |  |  |  |  |  |  |
V|  |  |  |  |  |  |  |  |  |  |  |  |  |  |  |
S|  |  |  |  |  |  |  |  |  |  |  |  |  |  |  |

42671 42479 178804
Fitness: 198
Se repite  1
 |07|08|09|10|11|12|13|14|15|16|17|18|19|20|21
L|  |  |  |  |  |  |  |  |2 |2 |0 |0 |  |  |  |
M|  |  |  |  |  |  |  |  |  |  |1 |1 |  |  |  |
I|  |  |  |  |  |  |  |  |2 |2 |0 |0 |  |  |  |
J|  |  |  |  |  |  |  |  |  |  |1 |1 |  |  |  |
V|  |  |  |  |  |  |  |  |  |  |  |  |  |  |  |
S|  |  |  |  |  |  |  |  |  |  |  |  |  |  |  |

42485 42707 125216
Fitness: 198
Se repite  2
 |07|08|09|10|11|12|13|14|15|16|17|18|19|20|21
L|  |  |2 |2 |0 |0 |  |  |  |  |  |  |  |  |  |
M|  |  |  |  |1 |1 |  |  |  |  |  |  |  |  |  |
I|  |  |2 |2 |0 |0 |  |  |  |  |  |  |  |  |  |
J|  |  |  |  |1 |1 |  |  |  |  |  |  |  |  |  |
V|  |  |  |  |  |  |  |  |  |  |  |  |  |  |  |
S|  |  |  |  |  |  |  |  |  |  |  |  |  |  |  |

117863 124200 123138
Fitness: 198
Se repite  1
 |07|08|09|10|11|12|13|14|15|16|17|18|19|20|21
L|  |  |  |  |  |  |  |  |2 |2 |  |  |  |  |  |
M|  |  |  |  |  |  |0 |0 |1 |1 |  |  |  |  |  |
I|  |  |  |  |  |  |  |  |2 |2 |  |  |  |  |  |
J|  |  |  |  |  |  |0 |0 |1 |1 |  |  |  |  |  |
V|  |  |  |  |  |  |  |  |  |  |  |  |  |  |  |
S|  |  |  |  |  |  |  |  |  |  |  |  |  |  |  |

125216 36198 124205
Fitness: 198
Se repite  1
 |07|08|09|10|11|12|13|14|15|16|17|18|19|20|21
L|  |  |  |  |  |  |  |  |  |  |2 |2 |  |  |  |
M|  |  |  |  |  |  |  |  |0 |0 |1 |1 |  |  |  |
I|  |  |  |  |  |  |  |  |  |  |  |  |  |  |  |
J|  |  |  |  |  |  |  |  |0 |0 |1 |1 |  |  |  |
V|  |  |  |  |  |  |  |  |  |  |2 |2 |  |  |  |
S|  |  |  |  |  |  |  |  |  |  |  |  |  |  |  |

125210 152890 42707
Fitness: 198
Se repite  2
 |07|08|09|10|11|12|13|14|15|16|17|18|19|20|21
L|  |  |  |  |1 |1 |  |  |  |  |  |  |  |  |  |
M|  |  |  |  |0 |0 |  |  |  |  |  |  |  |  |  |
I|  |  |2 |2 |1 |1 |  |  |  |  |  |  |  |  |  |
J|  |  |  |  |0 |0 |  |  |  |  |  |  |  |  |  |
V|  |  |2 |2 |  |  |  |  |  |  |  |  |  |  |  |
S|  |  |  |  |  |  |  |  |  |  |  |  |  |  |  |

42489 124201 125208
Fitness: 198
Se repite  2
 |07|08|09|10|11|12|13|14|15|16|17|18|19|20|21
L|  |  |  |  |2 |2 |  |  |  |  |  |  |  |  |  |
M|  |  |1 |1 |0 |0 |  |  |  |  |  |  |  |  |  |
I|  |  |  |  |2 |2 |  |  |  |  |  |  |  |  |  |
J|  |  |1 |1 |0 |0 |  |  |  |  |  |  |  |  |  |
V|  |  |  |  |  |  |  |  |  |  |  |  |  |  |  |
S|  |  |  |  |  |  |  |  |  |  |  |  |  |  |  |

42489 42671 42405
Fitness: 198
Se repite  3
 |07|08|09|10|11|12|13|14|15|16|17|18|19|20|21
L|  |  |  |  |0 |0 |  |  |  |  |  |  |  |  |  |
M|  |  |2 |2 |1 |1 |  |  |  |  |  |  |  |  |  |
I|  |  |  |  |0 |0 |  |  |  |  |  |  |  |  |  |
J|  |  |  |  |1 |1 |  |  |  |  |  |  |  |  |  |
V|  |  |2 |2 |  |  |  |  |  |  |  |  |  |  |  |
S|  |  |  |  |  |  |  |  |  |  |  |  |  |  |  |

117863 124202 171814
Fitness: 198
Se repite  1
 |07|08|09|10|11|12|13|14|15|16|17|18|19|20|21
L|  |  |  |  |  |  |  |  |0 |0 |  |  |  |  |  |
M|  |  |  |  |  |  |  |  |  |  |1 |1 |  |  |  |
I|  |  |  |  |  |  |  |  |0 |0 |2 |2 |  |  |  |
J|  |  |  |  |  |  |  |  |  |  |1 |1 |  |  |  |
V|  |  |  |  |  |  |  |  |2 |2 |  |  |  |  |  |
S|  |  |  |  |  |  |  |  |  |  |  |  |  |  |  |

42707 42481 125211
Fitness: 198
Se repite  1
 |07|08|09|10|11|12|13|14|15|16|17|18|19|20|21
L|  |  |  |  |  |  |  |  |1 |1 |  |  |  |  |  |
M|  |  |  |  |  |  |0 |0 |2 |2 |  |  |  |  |  |
I|  |  |  |  |  |  |  |  |1 |1 |  |  |  |  |  |
J|  |  |  |  |  |  |0 |0 |2 |2 |  |  |  |  |  |
V|  |  |  |  |  |  |  |  |  |  |  |  |  |  |  |
S|  |  |  |  |  |  |  |  |  |  |  |  |  |  |  |

124204 123141 42482
Fitness: 198
Se repite  2
 |07|08|09|10|11|12|13|14|15|16|17|18|19|20|21
L|  |  |  |  |  |  |  |  |1 |1 |0 |0 |  |  |  |
M|  |  |  |  |  |  |  |  |2 |2 |  |  |  |  |  |
I|  |  |  |  |  |  |  |  |1 |1 |0 |0 |  |  |  |
J|  |  |  |  |  |  |  |  |2 |2 |  |  |  |  |  |
V|  |  |  |  |  |  |  |  |  |  |  |  |  |  |  |
S|  |  |  |  |  |  |  |  |  |  |  |  |  |  |  |

42496 42674 123141
Fitness: 198
Se repite  2
 |07|08|09|10|11|12|13|14|15|16|17|18|19|20|21
L|  |  |  |  |  |  |  |  |2 |2 |0 |0 |  |  |  |
M|  |  |  |  |  |  |  |  |  |  |1 |1 |  |  |  |
I|  |  |  |  |  |  |  |  |2 |2 |0 |0 |  |  |  |
J|  |  |  |  |  |  |  |  |  |  |1 |1 |  |  |  |
V|  |  |  |  |  |  |  |  |  |  |  |  |  |  |  |
S|  |  |  |  |  |  |  |  |  |  |  |  |  |  |  |

42486 42681 123142
Fitness: 198
Se repite  1
 |07|08|09|10|11|12|13|14|15|16|17|18|19|20|21
L|  |  |  |  |0 |0 |  |  |  |  |  |  |  |  |  |
M|  |  |  |  |1 |1 |  |  |  |  |  |  |  |  |  |
I|  |  |  |  |0 |0 |  |  |  |  |  |  |  |  |  |
J|  |  |  |  |1 |1 |  |  |  |  |  |  |  |  |  |
V|  |  |2 |2 |2 |2 |  |  |  |  |  |  |  |  |  |
S|  |  |  |  |  |  |  |  |  |  |  |  |  |  |  |

42494 42704 125205
Fitness: 198
Se repite  1
 |07|08|09|10|11|12|13|14|15|16|17|18|19|20|21
L|  |  |  |  |1 |1 |  |  |  |  |  |  |  |  |  |
M|  |  |  |  |0 |0 |  |  |  |  |  |  |  |  |  |
I|  |  |2 |2 |1 |1 |  |  |  |  |  |  |  |  |  |
J|  |  |  |  |0 |0 |  |  |  |  |  |  |  |  |  |
V|  |  |2 |2 |  |  |  |  |  |  |  |  |  |  |  |
S|  |  |  |  |  |  |  |  |  |  |  |  |  |  |  |

42488 124201 125208
Fitness: 198
Se repite  2
 |07|08|09|10|11|12|13|14|15|16|17|18|19|20|21
L|  |  |  |  |  |  |  |  |  |  |  |  |  |  |  |
M|  |  |0 |0 |1 |1 |  |  |  |  |  |  |  |  |  |
I|  |  |  |  |  |  |  |  |  |  |  |  |  |  |  |
J|  |  |0 |0 |1 |1 |  |  |  |  |  |  |  |  |  |
V|  |  |  |  |  |  |  |  |  |  |  |  |  |  |  |
S|  |  |2 |2 |2 |2 |  |  |  |  |  |  |  |  |  |

42704 125207 117864
Fitness: 198
Se repite  2
 |07|08|09|10|11|12|13|14|15|16|17|18|19|20|21
L|  |  |2 |2 |0 |0 |  |  |  |  |  |  |  |  |  |
M|  |  |1 |1 |  |  |  |  |  |  |  |  |  |  |  |
I|  |  |2 |2 |0 |0 |  |  |  |  |  |  |  |  |  |
J|  |  |1 |1 |  |  |  |  |  |  |  |  |  |  |  |
V|  |  |  |  |  |  |  |  |  |  |  |  |  |  |  |
S|  |  |  |  |  |  |  |  |  |  |  |  |  |  |  |

117863 42677 178804
Fitness: 198
Se repite  2
 |07|08|09|10|11|12|13|14|15|16|17|18|19|20|21
L|  |  |  |  |0 |0 |  |  |  |  |  |  |  |  |  |
M|  |  |  |  |1 |1 |  |  |  |  |  |  |  |  |  |
I|  |  |  |  |0 |0 |  |  |  |  |  |  |  |  |  |
J|  |  |  |  |1 |1 |  |  |  |  |  |  |  |  |  |
V|  |  |  |  |  |  |  |  |  |  |  |  |  |  |  |
S|  |  |2 |2 |2 |2 |  |  |  |  |  |  |  |  |  |

42487 42704 125207
Fitness: 198
Se repite  1
 |07|08|09|10|11|12|13|14|15|16|17|18|19|20|21
L|1 |1 |0 |0 |  |  |  |  |  |  |  |  |  |  |  |
M|  |  |2 |2 |  |  |  |  |  |  |  |  |  |  |  |
I|1 |1 |0 |0 |  |  |  |  |  |  |  |  |  |  |  |
J|  |  |2 |2 |  |  |  |  |  |  |  |  |  |  |  |
V|  |  |  |  |  |  |  |  |  |  |  |  |  |  |  |
S|  |  |  |  |  |  |  |  |  |  |  |  |  |  |  |

125213 57265 123619
Fitness: 198
Se repite  6
 |07|08|09|10|11|12|13|14|15|16|17|18|19|20|21
L|  |  |  |  |  |  |  |  |0 |0 |2 |2 |  |  |  |
M|  |  |  |  |  |  |  |  |1 |1 |  |  |  |  |  |
I|  |  |  |  |  |  |  |  |0 |0 |  |  |  |  |  |
J|  |  |  |  |  |  |  |  |1 |1 |  |  |  |  |  |
V|  |  |  |  |  |  |  |  |  |  |2 |2 |  |  |  |
S|  |  |  |  |  |  |  |  |  |  |  |  |  |  |  |

125210 57626 124206
Fitness: 198
Se repite  2
 |07|08|09|10|11|12|13|14|15|16|17|18|19|20|21
L|  |  |  |  |  |  |2 |2 |1 |1 |  |  |  |  |  |
M|  |  |  |  |  |  |  |  |0 |0 |  |  |  |  |  |
I|  |  |  |  |  |  |2 |2 |1 |1 |  |  |  |  |  |
J|  |  |  |  |  |  |  |  |0 |0 |  |  |  |  |  |
V|  |  |  |  |  |  |  |  |  |  |  |  |  |  |  |
S|  |  |  |  |  |  |  |  |  |  |  |  |  |  |  |

179962 42696 125206
Fitness: 198
Se repite  2
 |07|08|09|10|11|12|13|14|15|16|17|18|19|20|21
L|  |  |0 |0 |  |  |  |  |  |  |  |  |  |  |  |
M|2 |2 |1 |1 |  |  |  |  |  |  |  |  |  |  |  |
I|  |  |0 |0 |  |  |  |  |  |  |  |  |  |  |  |
J|2 |2 |1 |1 |  |  |  |  |  |  |  |  |  |  |  |
V|  |  |  |  |  |  |  |  |  |  |  |  |  |  |  |
S|  |  |  |  |  |  |  |  |  |  |  |  |  |  |  |

57265 42677 125214
Fitness: 198
Se repite  1
 |07|08|09|10|11|12|13|14|15|16|17|18|19|20|21
L|  |  |  |  |  |  |  |  |0 |0 |  |  |  |  |  |
M|  |  |  |  |  |  |  |  |  |  |1 |1 |  |  |  |
I|  |  |  |  |  |  |  |  |0 |0 |2 |2 |  |  |  |
J|  |  |  |  |  |  |  |  |  |  |1 |1 |  |  |  |
V|  |  |  |  |  |  |  |  |2 |2 |  |  |  |  |  |
S|  |  |  |  |  |  |  |  |  |  |  |  |  |  |  |

42690 125211 42481
Fitness: 198
Se repite  2
 |07|08|09|10|11|12|13|14|15|16|17|18|19|20|21
L|  |  |2 |2 |0 |0 |  |  |  |  |  |  |  |  |  |
M|  |  |1 |1 |  |  |  |  |  |  |  |  |  |  |  |
I|  |  |2 |2 |0 |0 |  |  |  |  |  |  |  |  |  |
J|  |  |1 |1 |  |  |  |  |  |  |  |  |  |  |  |
V|  |  |  |  |  |  |  |  |  |  |  |  |  |  |  |
S|  |  |  |  |  |  |  |  |  |  |  |  |  |  |  |

117863 42679 178804
Fitness: 198
Se repite  2
 |07|08|09|10|11|12|13|14|15|16|17|18|19|20|21
L|  |  |  |  |  |  |  |  |2 |2 |  |  |  |  |  |
M|  |  |  |  |  |  |  |  |0 |0 |1 |1 |  |  |  |
I|  |  |  |  |  |  |  |  |2 |2 |  |  |  |  |  |
J|  |  |  |  |  |  |  |  |0 |0 |1 |1 |  |  |  |
V|  |  |  |  |  |  |  |  |  |  |  |  |  |  |  |
S|  |  |  |  |  |  |  |  |  |  |  |  |  |  |  |

42690 179962 125216
Fitness: 198
Se repite  1
 |07|08|09|10|11|12|13|14|15|16|17|18|19|20|21
L|  |  |  |  |  |  |  |  |1 |1 |0 |0 |  |  |  |
M|  |  |  |  |  |  |  |  |2 |2 |  |  |  |  |  |
I|  |  |  |  |  |  |  |  |1 |1 |0 |0 |  |  |  |
J|  |  |  |  |  |  |  |  |2 |2 |  |  |  |  |  |
V|  |  |  |  |  |  |  |  |  |  |  |  |  |  |  |
S|  |  |  |  |  |  |  |  |  |  |  |  |  |  |  |

42485 124204 77957
Fitness: 198
Se repite  2
 |07|08|09|10|11|12|13|14|15|16|17|18|19|20|21
L|  |  |  |  |2 |2 |  |  |  |  |  |  |  |  |  |
M|  |  |  |  |  |  |0 |0 |  |  |  |  |  |  |  |
I|  |  |  |  |  |  |  |  |  |  |  |  |  |  |  |
J|  |  |  |  |2 |2 |0 |0 |  |  |  |  |  |  |  |
V|  |  |  |  |1 |1 |1 |1 |  |  |  |  |  |  |  |
S|  |  |  |  |  |  |  |  |  |  |  |  |  |  |  |

42482 42708 125204
Fitness: 198
Se repite  1
 |07|08|09|10|11|12|13|14|15|16|17|18|19|20|21
L|  |  |  |  |0 |0 |  |  |  |  |  |  |  |  |  |
M|  |  |2 |2 |1 |1 |  |  |  |  |  |  |  |  |  |
I|  |  |  |  |0 |0 |  |  |  |  |  |  |  |  |  |
J|  |  |  |  |1 |1 |  |  |  |  |  |  |  |  |  |
V|  |  |2 |2 |  |  |  |  |  |  |  |  |  |  |  |
S|  |  |  |  |  |  |  |  |  |  |  |  |  |  |  |

42480 42704 159397
Fitness: 198
Se repite  1
 |07|08|09|10|11|12|13|14|15|16|17|18|19|20|21
L|  |  |  |  |  |  |  |  |  |  |0 |0 |  |  |  |
M|  |  |  |  |  |  |  |  |  |  |1 |1 |  |  |  |
I|  |  |  |  |  |  |  |  |  |  |0 |0 |2 |2 |  |
J|  |  |  |  |  |  |  |  |  |  |1 |1 |  |  |  |
V|  |  |  |  |  |  |  |  |  |  |  |  |2 |2 |  |
S|  |  |  |  |  |  |  |  |  |  |  |  |  |  |  |

125212 42707 42485
Fitness: 198
Se repite  1
 |07|08|09|10|11|12|13|14|15|16|17|18|19|20|21
L|  |  |  |  |  |  |  |  |  |  |0 |0 |  |  |  |
M|  |  |  |  |  |  |  |  |1 |1 |  |  |  |  |  |
I|  |  |  |  |  |  |  |  |2 |2 |0 |0 |  |  |  |
J|  |  |  |  |  |  |  |  |1 |1 |  |  |  |  |  |
V|  |  |  |  |  |  |  |  |2 |2 |  |  |  |  |  |
S|  |  |  |  |  |  |  |  |  |  |  |  |  |  |  |

42485 124205 42403
Fitness: 198
Se repite  1
 |07|08|09|10|11|12|13|14|15|16|17|18|19|20|21
L|1 |1 |2 |2 |  |  |  |  |  |  |  |  |  |  |  |
M|  |  |0 |0 |  |  |  |  |  |  |  |  |  |  |  |
I|1 |1 |2 |2 |  |  |  |  |  |  |  |  |  |  |  |
J|  |  |0 |0 |  |  |  |  |  |  |  |  |  |  |  |
V|  |  |  |  |  |  |  |  |  |  |  |  |  |  |  |
S|  |  |  |  |  |  |  |  |  |  |  |  |  |  |  |

117864 42675 178804
Fitness: 198
Se repite  14
 |07|08|09|10|11|12|13|14|15|16|17|18|19|20|21
L|  |  |  |  |  |  |  |  |0 |0 |  |  |  |  |  |
M|  |  |  |  |  |  |2 |2 |1 |1 |  |  |  |  |  |
I|  |  |  |  |  |  |  |  |0 |0 |  |  |  |  |  |
J|  |  |  |  |  |  |2 |2 |1 |1 |  |  |  |  |  |
V|  |  |  |  |  |  |  |  |  |  |  |  |  |  |  |
S|  |  |  |  |  |  |  |  |  |  |  |  |  |  |  |

42481 124206 178806
Fitness: 198
Se repite  1
 |07|08|09|10|11|12|13|14|15|16|17|18|19|20|21
L|  |  |  |  |2 |2 |  |  |  |  |  |  |  |  |  |
M|  |  |  |  |  |  |0 |0 |  |  |  |  |  |  |  |
I|  |  |  |  |2 |2 |  |  |  |  |  |  |  |  |  |
J|  |  |  |  |  |  |0 |0 |  |  |  |  |  |  |  |
V|  |  |  |  |1 |1 |1 |1 |  |  |  |  |  |  |  |
S|  |  |  |  |  |  |  |  |  |  |  |  |  |  |  |

42498 42708 42405
Fitness: 198
Se repite  1
 |07|08|09|10|11|12|13|14|15|16|17|18|19|20|21
L|  |  |  |  |  |  |  |  |0 |0 |  |  |  |  |  |
M|  |  |  |  |  |  |2 |2 |1 |1 |  |  |  |  |  |
I|  |  |  |  |  |  |  |  |0 |0 |  |  |  |  |  |
J|  |  |  |  |  |  |2 |2 |1 |1 |  |  |  |  |  |
V|  |  |  |  |  |  |  |  |  |  |  |  |  |  |  |
S|  |  |  |  |  |  |  |  |  |  |  |  |  |  |  |

42481 124206 125200
Fitness: 198
Se repite  1
 |07|08|09|10|11|12|13|14|15|16|17|18|19|20|21
L|  |  |  |  |  |  |  |  |0 |0 |  |  |  |  |  |
M|  |  |  |  |  |  |2 |2 |1 |1 |  |  |  |  |  |
I|  |  |  |  |  |  |  |  |0 |0 |  |  |  |  |  |
J|  |  |  |  |  |  |2 |2 |1 |1 |  |  |  |  |  |
V|  |  |  |  |  |  |  |  |  |  |  |  |  |  |  |
S|  |  |  |  |  |  |  |  |  |  |  |  |  |  |  |

42481 42687 125200
Fitness: 198
Se repite  3
 |07|08|09|10|11|12|13|14|15|16|17|18|19|20|21
L|  |  |2 |2 |  |  |  |  |  |  |  |  |  |  |  |
M|  |  |1 |1 |0 |0 |  |  |  |  |  |  |  |  |  |
I|  |  |2 |2 |  |  |  |  |  |  |  |  |  |  |  |
J|  |  |1 |1 |0 |0 |  |  |  |  |  |  |  |  |  |
V|  |  |  |  |  |  |  |  |  |  |  |  |  |  |  |
S|  |  |  |  |  |  |  |  |  |  |  |  |  |  |  |

42495 42671 123138
Fitness: 198
Se repite  1
 |07|08|09|10|11|12|13|14|15|16|17|18|19|20|21
L|  |  |  |  |2 |2 |  |  |  |  |  |  |  |  |  |
M|  |  |1 |1 |0 |0 |  |  |  |  |  |  |  |  |  |
I|  |  |  |  |2 |2 |  |  |  |  |  |  |  |  |  |
J|  |  |1 |1 |0 |0 |  |  |  |  |  |  |  |  |  |
V|  |  |  |  |  |  |  |  |  |  |  |  |  |  |  |
S|  |  |  |  |  |  |  |  |  |  |  |  |  |  |  |

42405 42488 42679
Fitness: 198
Se repite  2
 |07|08|09|10|11|12|13|14|15|16|17|18|19|20|21
L|  |  |  |  |0 |0 |  |  |  |  |  |  |  |  |  |
M|  |  |  |  |1 |1 |  |  |  |  |  |  |  |  |  |
I|  |  |2 |2 |0 |0 |  |  |  |  |  |  |  |  |  |
J|  |  |  |  |1 |1 |  |  |  |  |  |  |  |  |  |
V|  |  |2 |2 |  |  |  |  |  |  |  |  |  |  |  |
S|  |  |  |  |  |  |  |  |  |  |  |  |  |  |  |

42480 42704 125208
Fitness: 198
Se repite  2
 |07|08|09|10|11|12|13|14|15|16|17|18|19|20|21
L|  |  |  |  |0 |0 |  |  |  |  |  |  |  |  |  |
M|  |  |2 |2 |1 |1 |  |  |  |  |  |  |  |  |  |
I|  |  |  |  |0 |0 |  |  |  |  |  |  |  |  |  |
J|  |  |2 |2 |1 |1 |  |  |  |  |  |  |  |  |  |
V|  |  |  |  |  |  |  |  |  |  |  |  |  |  |  |
S|  |  |  |  |  |  |  |  |  |  |  |  |  |  |  |

42494 42704 125213
Fitness: 198
Se repite  1
 |07|08|09|10|11|12|13|14|15|16|17|18|19|20|21
L|  |  |0 |0 |  |  |  |  |  |  |  |  |  |  |  |
M|2 |2 |1 |1 |  |  |  |  |  |  |  |  |  |  |  |
I|  |  |0 |0 |  |  |  |  |  |  |  |  |  |  |  |
J|2 |2 |1 |1 |  |  |  |  |  |  |  |  |  |  |  |
V|  |  |  |  |  |  |  |  |  |  |  |  |  |  |  |
S|  |  |  |  |  |  |  |  |  |  |  |  |  |  |  |

42491 42407 42671
Fitness: 198
Se repite  1
 |07|08|09|10|11|12|13|14|15|16|17|18|19|20|21
L|2 |2 |0 |0 |  |  |  |  |  |  |  |  |  |  |  |
M|  |  |1 |1 |  |  |  |  |  |  |  |  |  |  |  |
I|2 |2 |0 |0 |  |  |  |  |  |  |  |  |  |  |  |
J|  |  |1 |1 |  |  |  |  |  |  |  |  |  |  |  |
V|  |  |  |  |  |  |  |  |  |  |  |  |  |  |  |
S|  |  |  |  |  |  |  |  |  |  |  |  |  |  |  |

42491 42679 123136
Fitness: 198
Se repite  1
 |07|08|09|10|11|12|13|14|15|16|17|18|19|20|21
L|1 |1 |0 |0 |  |  |  |  |  |  |  |  |  |  |  |
M|2 |2 |  |  |  |  |  |  |  |  |  |  |  |  |  |
I|1 |1 |0 |0 |  |  |  |  |  |  |  |  |  |  |  |
J|2 |2 |  |  |  |  |  |  |  |  |  |  |  |  |  |
V|  |  |  |  |  |  |  |  |  |  |  |  |  |  |  |
S|  |  |  |  |  |  |  |  |  |  |  |  |  |  |  |

57265 42675 42407
Fitness: 198
Se repite  3
 |07|08|09|10|11|12|13|14|15|16|17|18|19|20|21
L|  |  |  |  |1 |1 |  |  |  |  |  |  |  |  |  |
M|  |  |  |  |2 |2 |  |  |  |  |  |  |  |  |  |
I|  |  |  |  |1 |1 |0 |0 |  |  |  |  |  |  |  |
J|  |  |  |  |  |  |  |  |  |  |  |  |  |  |  |
V|  |  |  |  |2 |2 |0 |0 |  |  |  |  |  |  |  |
S|  |  |  |  |  |  |  |  |  |  |  |  |  |  |  |

42484 42673 123140
Fitness: 198
Se repite  2
 |07|08|09|10|11|12|13|14|15|16|17|18|19|20|21
L|  |  |  |  |  |  |  |  |2 |2 |  |  |  |  |  |
M|  |  |  |  |  |  |0 |0 |1 |1 |  |  |  |  |  |
I|  |  |  |  |  |  |  |  |2 |2 |  |  |  |  |  |
J|  |  |  |  |  |  |0 |0 |1 |1 |  |  |  |  |  |
V|  |  |  |  |  |  |  |  |  |  |  |  |  |  |  |
S|  |  |  |  |  |  |  |  |  |  |  |  |  |  |  |

124206 125216 42493
Fitness: 198
Se repite  1
 |07|08|09|10|11|12|13|14|15|16|17|18|19|20|21
L|  |  |  |  |  |  |2 |2 |  |  |  |  |  |  |  |
M|  |  |  |  |  |  |0 |0 |  |  |  |  |  |  |  |
I|  |  |  |  |  |  |2 |2 |  |  |  |  |  |  |  |
J|  |  |  |  |  |  |0 |0 |  |  |  |  |  |  |  |
V|  |  |  |  |1 |1 |1 |1 |  |  |  |  |  |  |  |
S|  |  |  |  |  |  |  |  |  |  |  |  |  |  |  |

36198 42708 125206
Fitness: 198
Se repite  1
 |07|08|09|10|11|12|13|14|15|16|17|18|19|20|21
L|  |  |  |  |  |  |1 |1 |  |  |  |  |  |  |  |
M|  |  |  |  |2 |2 |0 |0 |  |  |  |  |  |  |  |
I|  |  |  |  |  |  |1 |1 |  |  |  |  |  |  |  |
J|  |  |  |  |  |  |0 |0 |  |  |  |  |  |  |  |
V|  |  |  |  |2 |2 |  |  |  |  |  |  |  |  |  |
S|  |  |  |  |  |  |  |  |  |  |  |  |  |  |  |

42482 42697 123140
Fitness: 198
Se repite  2
 |07|08|09|10|11|12|13|14|15|16|17|18|19|20|21
L|  |  |  |  |  |  |  |  |0 |0 |  |  |  |  |  |
M|  |  |  |  |  |  |  |  |  |  |1 |1 |  |  |  |
I|  |  |  |  |  |  |  |  |0 |0 |2 |2 |  |  |  |
J|  |  |  |  |  |  |  |  |  |  |1 |1 |  |  |  |
V|  |  |  |  |  |  |  |  |2 |2 |  |  |  |  |  |
S|  |  |  |  |  |  |  |  |  |  |  |  |  |  |  |

42707 125211 42490
Fitness: 198
Se repite  1
 |07|08|09|10|11|12|13|14|15|16|17|18|19|20|21
L|  |  |  |  |1 |1 |  |  |  |  |  |  |  |  |  |
M|  |  |  |  |0 |0 |  |  |  |  |  |  |  |  |  |
I|  |  |  |  |1 |1 |  |  |  |  |  |  |  |  |  |
J|  |  |  |  |0 |0 |  |  |  |  |  |  |  |  |  |
V|  |  |  |  |  |  |  |  |  |  |  |  |  |  |  |
S|  |  |2 |2 |2 |2 |  |  |  |  |  |  |  |  |  |

42489 42673 125207
Fitness: 198
Se repite  2
 |07|08|09|10|11|12|13|14|15|16|17|18|19|20|21
L|  |  |  |  |  |  |  |  |1 |1 |0 |0 |  |  |  |
M|  |  |  |  |  |  |  |  |2 |2 |  |  |  |  |  |
I|  |  |  |  |  |  |  |  |1 |1 |0 |0 |  |  |  |
J|  |  |  |  |  |  |  |  |2 |2 |  |  |  |  |  |
V|  |  |  |  |  |  |  |  |  |  |  |  |  |  |  |
S|  |  |  |  |  |  |  |  |  |  |  |  |  |  |  |

42496 124204 123141
Fitness: 198
Se repite  1
 |07|08|09|10|11|12|13|14|15|16|17|18|19|20|21
L|  |  |  |  |  |  |  |  |1 |1 |  |  |  |  |  |
M|  |  |  |  |  |  |2 |2 |0 |0 |  |  |  |  |  |
I|  |  |  |  |  |  |  |  |1 |1 |  |  |  |  |  |
J|  |  |  |  |  |  |2 |2 |0 |0 |  |  |  |  |  |
V|  |  |  |  |  |  |  |  |  |  |  |  |  |  |  |
S|  |  |  |  |  |  |  |  |  |  |  |  |  |  |  |

179962 42696 178806
Fitness: 198
Se repite  1
 |07|08|09|10|11|12|13|14|15|16|17|18|19|20|21
L|  |  |  |  |  |  |  |  |1 |1 |  |  |  |  |  |
M|  |  |  |  |  |  |2 |2 |0 |0 |  |  |  |  |  |
I|  |  |  |  |  |  |  |  |1 |1 |  |  |  |  |  |
J|  |  |  |  |  |  |2 |2 |0 |0 |  |  |  |  |  |
V|  |  |  |  |  |  |  |  |  |  |  |  |  |  |  |
S|  |  |  |  |  |  |  |  |  |  |  |  |  |  |  |

152890 178806 42674
Fitness: 198
Se repite  1
 |07|08|09|10|11|12|13|14|15|16|17|18|19|20|21
L|  |  |  |  |  |  |  |  |  |  |0 |0 |  |  |  |
M|  |  |  |  |  |  |  |  |2 |2 |  |  |  |  |  |
I|  |  |  |  |  |  |  |  |  |  |0 |0 |  |  |  |
J|  |  |  |  |  |  |  |  |2 |2 |  |  |  |  |  |
V|  |  |  |  |  |  |  |  |1 |1 |1 |1 |  |  |  |
S|  |  |  |  |  |  |  |  |  |  |  |  |  |  |  |

42496 77957 42676
Fitness: 198
Se repite  2
 |07|08|09|10|11|12|13|14|15|16|17|18|19|20|21
L|  |  |0 |0 |  |  |  |  |  |  |  |  |  |  |  |
M|  |  |2 |2 |  |  |  |  |  |  |  |  |  |  |  |
I|  |  |0 |0 |  |  |  |  |  |  |  |  |  |  |  |
J|  |  |  |  |  |  |  |  |  |  |  |  |  |  |  |
V|  |  |2 |2 |  |  |  |  |  |  |  |  |  |  |  |
S|1 |1 |1 |1 |  |  |  |  |  |  |  |  |  |  |  |

42406 42491 42691
Fitness: 198
Se repite  1
 |07|08|09|10|11|12|13|14|15|16|17|18|19|20|21
L|  |  |  |  |  |  |  |  |2 |2 |  |  |  |  |  |
M|  |  |  |  |  |  |0 |0 |1 |1 |  |  |  |  |  |
I|  |  |  |  |  |  |  |  |2 |2 |  |  |  |  |  |
J|  |  |  |  |  |  |0 |0 |1 |1 |  |  |  |  |  |
V|  |  |  |  |  |  |  |  |  |  |  |  |  |  |  |
S|  |  |  |  |  |  |  |  |  |  |  |  |  |  |  |

125216 42706 42493
Fitness: 198
Se repite  5
 |07|08|09|10|11|12|13|14|15|16|17|18|19|20|21
L|1 |1 |0 |0 |  |  |  |  |  |  |  |  |  |  |  |
M|  |  |2 |2 |  |  |  |  |  |  |  |  |  |  |  |
I|1 |1 |0 |0 |  |  |  |  |  |  |  |  |  |  |  |
J|  |  |  |  |  |  |  |  |  |  |  |  |  |  |  |
V|  |  |2 |2 |  |  |  |  |  |  |  |  |  |  |  |
S|  |  |  |  |  |  |  |  |  |  |  |  |  |  |  |

42491 123619 42406
Fitness: 198
Se repite  2
 |07|08|09|10|11|12|13|14|15|16|17|18|19|20|21
L|1 |1 |0 |0 |  |  |  |  |  |  |  |  |  |  |  |
M|2 |2 |  |  |  |  |  |  |  |  |  |  |  |  |  |
I|1 |1 |0 |0 |  |  |  |  |  |  |  |  |  |  |  |
J|2 |2 |  |  |  |  |  |  |  |  |  |  |  |  |  |
V|  |  |  |  |  |  |  |  |  |  |  |  |  |  |  |
S|  |  |  |  |  |  |  |  |  |  |  |  |  |  |  |

42491 123619 123137
Fitness: 198
Se repite  3
 |07|08|09|10|11|12|13|14|15|16|17|18|19|20|21
L|  |  |  |  |0 |0 |  |  |  |  |  |  |  |  |  |
M|  |  |  |  |1 |1 |  |  |  |  |  |  |  |  |  |
I|  |  |  |  |0 |0 |  |  |  |  |  |  |  |  |  |
J|  |  |  |  |1 |1 |  |  |  |  |  |  |  |  |  |
V|  |  |  |  |  |  |  |  |  |  |  |  |  |  |  |
S|  |  |2 |2 |2 |2 |  |  |  |  |  |  |  |  |  |

42494 42704 42404
Fitness: 198
Se repite  1
 |07|08|09|10|11|12|13|14|15|16|17|18|19|20|21
L|  |  |  |  |  |  |1 |1 |  |  |  |  |  |  |  |
M|  |  |  |  |0 |0 |2 |2 |  |  |  |  |  |  |  |
I|  |  |  |  |  |  |1 |1 |  |  |  |  |  |  |  |
J|  |  |  |  |0 |0 |2 |2 |  |  |  |  |  |  |  |
V|  |  |  |  |  |  |  |  |  |  |  |  |  |  |  |
S|  |  |  |  |  |  |  |  |  |  |  |  |  |  |  |

178806 42488 42697
Fitness: 198
Se repite  2
 |07|08|09|10|11|12|13|14|15|16|17|18|19|20|21
L|  |  |  |  |  |  |  |  |  |  |  |  |  |  |  |
M|  |  |  |  |  |  |  |  |  |  |1 |1 |0 |0 |  |
I|  |  |  |  |  |  |  |  |  |  |2 |2 |  |  |  |
J|  |  |  |  |  |  |  |  |  |  |1 |1 |0 |0 |  |
V|  |  |  |  |  |  |  |  |  |  |2 |2 |  |  |  |
S|  |  |  |  |  |  |  |  |  |  |  |  |  |  |  |

42483 42707 125209
Fitness: 198
Se repite  2
 |07|08|09|10|11|12|13|14|15|16|17|18|19|20|21
L|  |  |  |  |  |  |  |  |0 |0 |  |  |  |  |  |
M|  |  |  |  |  |  |  |  |1 |1 |  |  |  |  |  |
I|  |  |  |  |  |  |  |  |0 |0 |2 |2 |  |  |  |
J|  |  |  |  |  |  |  |  |1 |1 |  |  |  |  |  |
V|  |  |  |  |  |  |  |  |  |  |2 |2 |  |  |  |
S|  |  |  |  |  |  |  |  |  |  |  |  |  |  |  |

125209 124206 42481
Fitness: 198
Se repite  2
 |07|08|09|10|11|12|13|14|15|16|17|18|19|20|21
L|  |  |2 |2 |  |  |  |  |  |  |  |  |  |  |  |
M|  |  |1 |1 |0 |0 |  |  |  |  |  |  |  |  |  |
I|  |  |2 |2 |  |  |  |  |  |  |  |  |  |  |  |
J|  |  |1 |1 |0 |0 |  |  |  |  |  |  |  |  |  |
V|  |  |  |  |  |  |  |  |  |  |  |  |  |  |  |
S|  |  |  |  |  |  |  |  |  |  |  |  |  |  |  |

42495 42677 178804
Fitness: 198
Se repite  1
 |07|08|09|10|11|12|13|14|15|16|17|18|19|20|21
L|2 |2 |  |  |  |  |  |  |  |  |  |  |  |  |  |
M|  |  |0 |0 |  |  |  |  |  |  |  |  |  |  |  |
I|  |  |  |  |  |  |  |  |  |  |  |  |  |  |  |
J|2 |2 |0 |0 |  |  |  |  |  |  |  |  |  |  |  |
V|  |  |  |  |  |  |  |  |  |  |  |  |  |  |  |
S|1 |1 |1 |1 |  |  |  |  |  |  |  |  |  |  |  |

117864 42691 159541
Fitness: 198
Se repite  2
 |07|08|09|10|11|12|13|14|15|16|17|18|19|20|21
L|  |  |  |  |  |  |  |  |  |  |0 |0 |  |  |  |
M|  |  |  |  |  |  |  |  |  |  |1 |1 |  |  |  |
I|  |  |  |  |  |  |  |  |2 |2 |0 |0 |  |  |  |
J|  |  |  |  |  |  |  |  |  |  |1 |1 |  |  |  |
V|  |  |  |  |  |  |  |  |2 |2 |  |  |  |  |  |
S|  |  |  |  |  |  |  |  |  |  |  |  |  |  |  |

42486 42707 42403
Fitness: 198
Se repite  2
 |07|08|09|10|11|12|13|14|15|16|17|18|19|20|21
L|  |  |  |  |1 |1 |2 |2 |  |  |  |  |  |  |  |
M|  |  |  |  |  |  |0 |0 |  |  |  |  |  |  |  |
I|  |  |  |  |1 |1 |2 |2 |  |  |  |  |  |  |  |
J|  |  |  |  |  |  |0 |0 |  |  |  |  |  |  |  |
V|  |  |  |  |  |  |  |  |  |  |  |  |  |  |  |
S|  |  |  |  |  |  |  |  |  |  |  |  |  |  |  |

42493 124201 125206
Fitness: 198
Se repite  1
 |07|08|09|10|11|12|13|14|15|16|17|18|19|20|21
L|  |  |  |  |1 |1 |  |  |  |  |  |  |  |  |  |
M|  |  |  |  |0 |0 |  |  |  |  |  |  |  |  |  |
I|  |  |2 |2 |1 |1 |  |  |  |  |  |  |  |  |  |
J|  |  |  |  |0 |0 |  |  |  |  |  |  |  |  |  |
V|  |  |2 |2 |  |  |  |  |  |  |  |  |  |  |  |
S|  |  |  |  |  |  |  |  |  |  |  |  |  |  |  |

124201 125208 42495
Fitness: 198
Se repite  1
 |07|08|09|10|11|12|13|14|15|16|17|18|19|20|21
L|  |  |  |  |  |  |1 |1 |0 |0 |  |  |  |  |  |
M|  |  |  |  |  |  |2 |2 |  |  |  |  |  |  |  |
I|  |  |  |  |  |  |1 |1 |0 |0 |  |  |  |  |  |
J|  |  |  |  |  |  |2 |2 |  |  |  |  |  |  |  |
V|  |  |  |  |  |  |  |  |  |  |  |  |  |  |  |
S|  |  |  |  |  |  |  |  |  |  |  |  |  |  |  |

42497 124199 125200
Fitness: 198
Se repite  1
 |07|08|09|10|11|12|13|14|15|16|17|18|19|20|21
L|  |  |  |  |  |  |  |  |1 |1 |0 |0 |  |  |  |
M|  |  |  |  |  |  |  |  |2 |2 |  |  |  |  |  |
I|  |  |  |  |  |  |  |  |1 |1 |0 |0 |  |  |  |
J|  |  |  |  |  |  |  |  |2 |2 |  |  |  |  |  |
V|  |  |  |  |  |  |  |  |  |  |  |  |  |  |  |
S|  |  |  |  |  |  |  |  |  |  |  |  |  |  |  |

42486 42696 77957
Fitness: 198
Se repite  1
 |07|08|09|10|11|12|13|14|15|16|17|18|19|20|21
L|1 |1 |0 |0 |  |  |  |  |  |  |  |  |  |  |  |
M|  |  |2 |2 |  |  |  |  |  |  |  |  |  |  |  |
I|1 |1 |0 |0 |  |  |  |  |  |  |  |  |  |  |  |
J|  |  |  |  |  |  |  |  |  |  |  |  |  |  |  |
V|  |  |2 |2 |  |  |  |  |  |  |  |  |  |  |  |
S|  |  |  |  |  |  |  |  |  |  |  |  |  |  |  |

159397 57265 123619
Fitness: 198
Se repite  2
 |07|08|09|10|11|12|13|14|15|16|17|18|19|20|21
L|  |  |  |  |1 |1 |  |  |  |  |  |  |  |  |  |
M|  |  |  |  |0 |0 |  |  |  |  |  |  |  |  |  |
I|  |  |  |  |1 |1 |  |  |  |  |  |  |  |  |  |
J|  |  |  |  |0 |0 |  |  |  |  |  |  |  |  |  |
V|  |  |  |  |  |  |  |  |  |  |  |  |  |  |  |
S|  |  |2 |2 |2 |2 |  |  |  |  |  |  |  |  |  |

42495 124201 125198
Fitness: 198
Se repite  1
 |07|08|09|10|11|12|13|14|15|16|17|18|19|20|21
L|  |  |  |  |  |  |  |  |  |  |  |  |  |  |  |
M|  |  |1 |1 |0 |0 |  |  |  |  |  |  |  |  |  |
I|  |  |  |  |  |  |  |  |  |  |  |  |  |  |  |
J|  |  |1 |1 |0 |0 |  |  |  |  |  |  |  |  |  |
V|  |  |2 |2 |2 |2 |  |  |  |  |  |  |  |  |  |
S|  |  |  |  |  |  |  |  |  |  |  |  |  |  |  |

42495 42677 125205
Fitness: 198
Se repite  1
 |07|08|09|10|11|12|13|14|15|16|17|18|19|20|21
L|  |  |  |  |  |  |  |  |  |  |0 |0 |1 |1 |  |
M|  |  |  |  |  |  |  |  |  |  |  |  |2 |2 |  |
I|  |  |  |  |  |  |  |  |  |  |0 |0 |1 |1 |  |
J|  |  |  |  |  |  |  |  |  |  |  |  |2 |2 |  |
V|  |  |  |  |  |  |  |  |  |  |  |  |  |  |  |
S|  |  |  |  |  |  |  |  |  |  |  |  |  |  |  |

42693 92071 42486
Fitness: 198
Se repite  19
 |07|08|09|10|11|12|13|14|15|16|17|18|19|20|21
L|  |  |0 |0 |  |  |  |  |  |  |  |  |  |  |  |
M|  |  |2 |2 |1 |1 |  |  |  |  |  |  |  |  |  |
I|  |  |0 |0 |  |  |  |  |  |  |  |  |  |  |  |
J|  |  |  |  |1 |1 |  |  |  |  |  |  |  |  |  |
V|  |  |2 |2 |  |  |  |  |  |  |  |  |  |  |  |
S|  |  |  |  |  |  |  |  |  |  |  |  |  |  |  |

42704 57265 159397
Fitness: 198
Se repite  1
 |07|08|09|10|11|12|13|14|15|16|17|18|19|20|21
L|  |  |  |  |  |  |  |  |  |  |0 |0 |  |  |  |
M|  |  |  |  |  |  |  |  |2 |2 |  |  |  |  |  |
I|  |  |  |  |  |  |  |  |  |  |0 |0 |  |  |  |
J|  |  |  |  |  |  |  |  |2 |2 |  |  |  |  |  |
V|  |  |  |  |  |  |  |  |1 |1 |1 |1 |  |  |  |
S|  |  |  |  |  |  |  |  |  |  |  |  |  |  |  |

42485 42676 123141
Fitness: 198
Se repite  1
 |07|08|09|10|11|12|13|14|15|16|17|18|19|20|21
L|  |  |  |  |0 |0 |  |  |  |  |  |  |  |  |  |
M|  |  |  |  |1 |1 |  |  |  |  |  |  |  |  |  |
I|  |  |  |  |0 |0 |  |  |  |  |  |  |  |  |  |
J|  |  |  |  |1 |1 |  |  |  |  |  |  |  |  |  |
V|  |  |2 |2 |2 |2 |  |  |  |  |  |  |  |  |  |
S|  |  |  |  |  |  |  |  |  |  |  |  |  |  |  |

117863 42704 125205
Fitness: 198
Se repite  1
 |07|08|09|10|11|12|13|14|15|16|17|18|19|20|21
L|1 |1 |  |  |  |  |  |  |  |  |  |  |  |  |  |
M|0 |0 |2 |2 |  |  |  |  |  |  |  |  |  |  |  |
I|1 |1 |  |  |  |  |  |  |  |  |  |  |  |  |  |
J|0 |0 |2 |2 |  |  |  |  |  |  |  |  |  |  |  |
V|  |  |  |  |  |  |  |  |  |  |  |  |  |  |  |
S|  |  |  |  |  |  |  |  |  |  |  |  |  |  |  |

125213 42479 42675
Fitness: 198
Se repite  2
 |07|08|09|10|11|12|13|14|15|16|17|18|19|20|21
L|  |  |  |  |0 |0 |  |  |  |  |  |  |  |  |  |
M|  |  |  |  |1 |1 |  |  |  |  |  |  |  |  |  |
I|  |  |  |  |0 |0 |  |  |  |  |  |  |  |  |  |
J|  |  |  |  |1 |1 |  |  |  |  |  |  |  |  |  |
V|  |  |  |  |  |  |  |  |  |  |  |  |  |  |  |
S|  |  |2 |2 |2 |2 |  |  |  |  |  |  |  |  |  |

42487 124202 125198
Fitness: 198
Se repite  2
 |07|08|09|10|11|12|13|14|15|16|17|18|19|20|21
L|  |  |2 |2 |0 |0 |  |  |  |  |  |  |  |  |  |
M|  |  |  |  |  |  |  |  |  |  |  |  |  |  |  |
I|  |  |1 |1 |0 |0 |  |  |  |  |  |  |  |  |  |
J|  |  |2 |2 |  |  |  |  |  |  |  |  |  |  |  |
V|  |  |1 |1 |  |  |  |  |  |  |  |  |  |  |  |
S|  |  |  |  |  |  |  |  |  |  |  |  |  |  |  |

42487 125215 42695
Fitness: 198
Se repite  2
 |07|08|09|10|11|12|13|14|15|16|17|18|19|20|21
L|  |  |  |  |1 |1 |  |  |  |  |  |  |  |  |  |
M|  |  |  |  |0 |0 |  |  |  |  |  |  |  |  |  |
I|  |  |  |  |1 |1 |  |  |  |  |  |  |  |  |  |
J|  |  |  |  |0 |0 |  |  |  |  |  |  |  |  |  |
V|  |  |2 |2 |2 |2 |  |  |  |  |  |  |  |  |  |
S|  |  |  |  |  |  |  |  |  |  |  |  |  |  |  |

124201 125205 42478
Fitness: 198
Se repite  2
 |07|08|09|10|11|12|13|14|15|16|17|18|19|20|21
L|  |  |  |  |  |  |  |  |  |  |  |  |  |  |  |
M|  |  |  |  |  |  |  |  |0 |0 |1 |1 |  |  |  |
I|  |  |  |  |  |  |  |  |  |  |2 |2 |  |  |  |
J|  |  |  |  |  |  |  |  |0 |0 |1 |1 |  |  |  |
V|  |  |  |  |  |  |  |  |2 |2 |  |  |  |  |  |
S|  |  |  |  |  |  |  |  |  |  |  |  |  |  |  |

42690 125211 152890
Fitness: 198
Se repite  1
 |07|08|09|10|11|12|13|14|15|16|17|18|19|20|21
L|  |  |  |  |  |  |  |  |1 |1 |  |  |  |  |  |
M|  |  |  |  |  |  |  |  |2 |2 |  |  |  |  |  |
I|  |  |  |  |  |  |0 |0 |1 |1 |  |  |  |  |  |
J|  |  |  |  |  |  |  |  |2 |2 |  |  |  |  |  |
V|  |  |  |  |  |  |0 |0 |  |  |  |  |  |  |  |
S|  |  |  |  |  |  |  |  |  |  |  |  |  |  |  |

124204 123141 42484
Fitness: 198
Se repite  1
 |07|08|09|10|11|12|13|14|15|16|17|18|19|20|21
L|  |  |  |  |0 |0 |  |  |  |  |  |  |  |  |  |
M|  |  |2 |2 |1 |1 |  |  |  |  |  |  |  |  |  |
I|  |  |  |  |0 |0 |  |  |  |  |  |  |  |  |  |
J|  |  |  |  |1 |1 |  |  |  |  |  |  |  |  |  |
V|  |  |2 |2 |  |  |  |  |  |  |  |  |  |  |  |
S|  |  |  |  |  |  |  |  |  |  |  |  |  |  |  |

117863 42704 171814
Fitness: 198
Se repite  1
 |07|08|09|10|11|12|13|14|15|16|17|18|19|20|21
L|  |  |  |  |  |  |  |  |  |  |0 |0 |  |  |  |
M|  |  |  |  |  |  |  |  |2 |2 |1 |1 |  |  |  |
I|  |  |  |  |  |  |  |  |  |  |0 |0 |  |  |  |
J|  |  |  |  |  |  |  |  |2 |2 |1 |1 |  |  |  |
V|  |  |  |  |  |  |  |  |  |  |  |  |  |  |  |
S|  |  |  |  |  |  |  |  |  |  |  |  |  |  |  |

42486 42681 77957
Fitness: 198
Se repite  1
 |07|08|09|10|11|12|13|14|15|16|17|18|19|20|21
L|  |  |  |  |  |  |2 |2 |0 |0 |  |  |  |  |  |
M|  |  |  |  |  |  |  |  |1 |1 |  |  |  |  |  |
I|  |  |  |  |  |  |2 |2 |0 |0 |  |  |  |  |  |
J|  |  |  |  |  |  |  |  |1 |1 |  |  |  |  |  |
V|  |  |  |  |  |  |  |  |  |  |  |  |  |  |  |
S|  |  |  |  |  |  |  |  |  |  |  |  |  |  |  |

57626 124206 125206
Fitness: 198
Se repite  2
 |07|08|09|10|11|12|13|14|15|16|17|18|19|20|21
L|  |  |  |  |  |  |  |  |0 |0 |2 |2 |  |  |  |
M|  |  |  |  |  |  |  |  |  |  |1 |1 |  |  |  |
I|  |  |  |  |  |  |  |  |0 |0 |  |  |  |  |  |
J|  |  |  |  |  |  |  |  |  |  |1 |1 |  |  |  |
V|  |  |  |  |  |  |  |  |  |  |2 |2 |  |  |  |
S|  |  |  |  |  |  |  |  |  |  |  |  |  |  |  |

125210 42690 42490
Fitness: 198
Se repite  1
 |07|08|09|10|11|12|13|14|15|16|17|18|19|20|21
L|  |  |  |  |  |  |  |  |1 |1 |  |  |  |  |  |
M|  |  |  |  |  |  |  |  |0 |0 |  |  |  |  |  |
I|  |  |  |  |  |  |2 |2 |1 |1 |  |  |  |  |  |
J|  |  |  |  |  |  |  |  |0 |0 |  |  |  |  |  |
V|  |  |  |  |  |  |2 |2 |  |  |  |  |  |  |  |
S|  |  |  |  |  |  |  |  |  |  |  |  |  |  |  |

179962 124204 125199
Fitness: 198
Se repite  3
 |07|08|09|10|11|12|13|14|15|16|17|18|19|20|21
L|  |  |  |  |  |  |  |  |  |  |0 |0 |1 |1 |  |
M|  |  |  |  |  |  |  |  |  |  |  |  |2 |2 |  |
I|  |  |  |  |  |  |  |  |  |  |0 |0 |1 |1 |  |
J|  |  |  |  |  |  |  |  |  |  |  |  |2 |2 |  |
V|  |  |  |  |  |  |  |  |  |  |  |  |  |  |  |
S|  |  |  |  |  |  |  |  |  |  |  |  |  |  |  |

42693 125201 42486
Fitness: 198
Se repite  3
 |07|08|09|10|11|12|13|14|15|16|17|18|19|20|21
L|  |  |  |  |0 |0 |  |  |  |  |  |  |  |  |  |
M|  |  |  |  |2 |2 |  |  |  |  |  |  |  |  |  |
I|  |  |1 |1 |0 |0 |  |  |  |  |  |  |  |  |  |
J|  |  |  |  |  |  |  |  |  |  |  |  |  |  |  |
V|  |  |1 |1 |2 |2 |  |  |  |  |  |  |  |  |  |
S|  |  |  |  |  |  |  |  |  |  |  |  |  |  |  |

123140 42494 42695
Fitness: 198
Se repite  2
 |07|08|09|10|11|12|13|14|15|16|17|18|19|20|21
L|  |  |  |  |  |  |  |  |  |  |  |  |  |  |  |
M|  |  |  |  |  |  |  |  |0 |0 |1 |1 |  |  |  |
I|  |  |  |  |  |  |  |  |  |  |2 |2 |  |  |  |
J|  |  |  |  |  |  |  |  |0 |0 |1 |1 |  |  |  |
V|  |  |  |  |  |  |  |  |  |  |2 |2 |  |  |  |
S|  |  |  |  |  |  |  |  |  |  |  |  |  |  |  |

42707 125209 179962
Fitness: 198
Se repite  1
 |07|08|09|10|11|12|13|14|15|16|17|18|19|20|21
L|2 |2 |1 |1 |  |  |  |  |  |  |  |  |  |  |  |
M|  |  |0 |0 |  |  |  |  |  |  |  |  |  |  |  |
I|2 |2 |1 |1 |  |  |  |  |  |  |  |  |  |  |  |
J|  |  |0 |0 |  |  |  |  |  |  |  |  |  |  |  |
V|  |  |  |  |  |  |  |  |  |  |  |  |  |  |  |
S|  |  |  |  |  |  |  |  |  |  |  |  |  |  |  |

117864 42680 123136
Fitness: 198
Se repite  1
 |07|08|09|10|11|12|13|14|15|16|17|18|19|20|21
L|  |  |  |  |0 |0 |  |  |  |  |  |  |  |  |  |
M|  |  |  |  |1 |1 |  |  |  |  |  |  |  |  |  |
I|  |  |  |  |0 |0 |  |  |  |  |  |  |  |  |  |
J|  |  |  |  |1 |1 |  |  |  |  |  |  |  |  |  |
V|  |  |  |  |  |  |  |  |  |  |  |  |  |  |  |
S|  |  |2 |2 |2 |2 |  |  |  |  |  |  |  |  |  |

42494 124200 125198
Fitness: 198
Se repite  2
 |07|08|09|10|11|12|13|14|15|16|17|18|19|20|21
L|  |  |  |  |1 |1 |  |  |  |  |  |  |  |  |  |
M|  |  |2 |2 |0 |0 |  |  |  |  |  |  |  |  |  |
I|  |  |  |  |1 |1 |  |  |  |  |  |  |  |  |  |
J|  |  |  |  |0 |0 |  |  |  |  |  |  |  |  |  |
V|  |  |2 |2 |  |  |  |  |  |  |  |  |  |  |  |
S|  |  |  |  |  |  |  |  |  |  |  |  |  |  |  |

42478 42673 171814
Fitness: 198
Se repite  1
 |07|08|09|10|11|12|13|14|15|16|17|18|19|20|21
L|  |  |  |  |0 |0 |  |  |  |  |  |  |  |  |  |
M|  |  |2 |2 |1 |1 |  |  |  |  |  |  |  |  |  |
I|  |  |  |  |0 |0 |  |  |  |  |  |  |  |  |  |
J|  |  |  |  |1 |1 |  |  |  |  |  |  |  |  |  |
V|  |  |2 |2 |  |  |  |  |  |  |  |  |  |  |  |
S|  |  |  |  |  |  |  |  |  |  |  |  |  |  |  |

42494 124200 42406
Fitness: 198
Se repite  1
 |07|08|09|10|11|12|13|14|15|16|17|18|19|20|21
L|  |  |2 |2 |0 |0 |  |  |  |  |  |  |  |  |  |
M|  |  |1 |1 |  |  |  |  |  |  |  |  |  |  |  |
I|  |  |2 |2 |0 |0 |  |  |  |  |  |  |  |  |  |
J|  |  |1 |1 |  |  |  |  |  |  |  |  |  |  |  |
V|  |  |  |  |  |  |  |  |  |  |  |  |  |  |  |
S|  |  |  |  |  |  |  |  |  |  |  |  |  |  |  |

42487 123138 42677
Fitness: 198
Se repite  1
 |07|08|09|10|11|12|13|14|15|16|17|18|19|20|21
L|  |  |  |  |1 |1 |  |  |  |  |  |  |  |  |  |
M|  |  |2 |2 |0 |0 |  |  |  |  |  |  |  |  |  |
I|  |  |  |  |1 |1 |  |  |  |  |  |  |  |  |  |
J|  |  |  |  |0 |0 |  |  |  |  |  |  |  |  |  |
V|  |  |2 |2 |  |  |  |  |  |  |  |  |  |  |  |
S|  |  |  |  |  |  |  |  |  |  |  |  |  |  |  |

42489 42673 159397
Fitness: 198
Se repite  1
 |07|08|09|10|11|12|13|14|15|16|17|18|19|20|21
L|  |  |  |  |0 |0 |  |  |  |  |  |  |  |  |  |
M|  |  |1 |1 |  |  |  |  |  |  |  |  |  |  |  |
I|  |  |  |  |0 |0 |  |  |  |  |  |  |  |  |  |
J|  |  |1 |1 |  |  |  |  |  |  |  |  |  |  |  |
V|  |  |2 |2 |2 |2 |  |  |  |  |  |  |  |  |  |
S|  |  |  |  |  |  |  |  |  |  |  |  |  |  |  |

42494 42679 125205
Fitness: 198
Se repite  1
 |07|08|09|10|11|12|13|14|15|16|17|18|19|20|21
L|2 |2 |  |  |  |  |  |  |  |  |  |  |  |  |  |
M|  |  |1 |1 |  |  |  |  |  |  |  |  |  |  |  |
I|2 |2 |  |  |  |  |  |  |  |  |  |  |  |  |  |
J|  |  |1 |1 |  |  |  |  |  |  |  |  |  |  |  |
V|0 |0 |0 |0 |  |  |  |  |  |  |  |  |  |  |  |
S|  |  |  |  |  |  |  |  |  |  |  |  |  |  |  |

42679 159734 42492
Fitness: 198
Se repite  1
 |07|08|09|10|11|12|13|14|15|16|17|18|19|20|21
L|1 |1 |  |  |  |  |  |  |  |  |  |  |  |  |  |
M|0 |0 |2 |2 |  |  |  |  |  |  |  |  |  |  |  |
I|1 |1 |  |  |  |  |  |  |  |  |  |  |  |  |  |
J|0 |0 |  |  |  |  |  |  |  |  |  |  |  |  |  |
V|  |  |2 |2 |  |  |  |  |  |  |  |  |  |  |  |
S|  |  |  |  |  |  |  |  |  |  |  |  |  |  |  |

171814 42675 42479
Fitness: 198
Se repite  1
 |07|08|09|10|11|12|13|14|15|16|17|18|19|20|21
L|  |  |0 |0 |  |  |  |  |  |  |  |  |  |  |  |
M|2 |2 |1 |1 |  |  |  |  |  |  |  |  |  |  |  |
I|2 |2 |0 |0 |  |  |  |  |  |  |  |  |  |  |  |
J|  |  |1 |1 |  |  |  |  |  |  |  |  |  |  |  |
V|  |  |  |  |  |  |  |  |  |  |  |  |  |  |  |
S|  |  |  |  |  |  |  |  |  |  |  |  |  |  |  |

42671 42491 123143
Fitness: 198
Se repite  1
 |07|08|09|10|11|12|13|14|15|16|17|18|19|20|21
L|  |  |  |  |0 |0 |  |  |  |  |  |  |  |  |  |
M|  |  |  |  |1 |1 |  |  |  |  |  |  |  |  |  |
I|  |  |  |  |0 |0 |  |  |  |  |  |  |  |  |  |
J|  |  |  |  |1 |1 |  |  |  |  |  |  |  |  |  |
V|  |  |  |  |  |  |  |  |  |  |  |  |  |  |  |
S|  |  |2 |2 |2 |2 |  |  |  |  |  |  |  |  |  |

42494 124202 125207
Fitness: 198
Se repite  2
 |07|08|09|10|11|12|13|14|15|16|17|18|19|20|21
L|  |  |  |  |  |  |2 |2 |  |  |  |  |  |  |  |
M|  |  |  |  |  |  |0 |0 |  |  |  |  |  |  |  |
I|  |  |  |  |  |  |2 |2 |  |  |  |  |  |  |  |
J|  |  |  |  |  |  |0 |0 |  |  |  |  |  |  |  |
V|  |  |  |  |1 |1 |1 |1 |  |  |  |  |  |  |  |
S|  |  |  |  |  |  |  |  |  |  |  |  |  |  |  |

42482 42686 125206
Fitness: 198
Se repite  2
 |07|08|09|10|11|12|13|14|15|16|17|18|19|20|21
L|  |  |  |  |  |  |  |  |  |  |0 |0 |  |  |  |
M|  |  |  |  |  |  |  |  |  |  |1 |1 |  |  |  |
I|  |  |  |  |  |  |  |  |  |  |0 |0 |2 |2 |  |
J|  |  |  |  |  |  |  |  |  |  |1 |1 |  |  |  |
V|  |  |  |  |  |  |  |  |  |  |  |  |2 |2 |  |
S|  |  |  |  |  |  |  |  |  |  |  |  |  |  |  |

125212 42486 42707
Fitness: 198
Se repite  2
 |07|08|09|10|11|12|13|14|15|16|17|18|19|20|21
L|  |  |  |  |  |  |1 |1 |0 |0 |  |  |  |  |  |
M|  |  |  |  |  |  |  |  |2 |2 |  |  |  |  |  |
I|  |  |  |  |  |  |1 |1 |0 |0 |  |  |  |  |  |
J|  |  |  |  |  |  |  |  |2 |2 |  |  |  |  |  |
V|  |  |  |  |  |  |  |  |  |  |  |  |  |  |  |
S|  |  |  |  |  |  |  |  |  |  |  |  |  |  |  |

123141 124199 42497
Fitness: 198
Se repite  1
 |07|08|09|10|11|12|13|14|15|16|17|18|19|20|21
L|  |  |  |  |  |  |  |  |  |  |  |  |  |  |  |
M|  |  |1 |1 |0 |0 |  |  |  |  |  |  |  |  |  |
I|  |  |  |  |  |  |  |  |  |  |  |  |  |  |  |
J|  |  |1 |1 |0 |0 |  |  |  |  |  |  |  |  |  |
V|  |  |  |  |  |  |  |  |  |  |  |  |  |  |  |
S|  |  |2 |2 |2 |2 |  |  |  |  |  |  |  |  |  |

42495 42679 125207
Fitness: 198
Se repite  3
 |07|08|09|10|11|12|13|14|15|16|17|18|19|20|21
L|  |  |2 |2 |0 |0 |  |  |  |  |  |  |  |  |  |
M|  |  |1 |1 |  |  |  |  |  |  |  |  |  |  |  |
I|  |  |2 |2 |0 |0 |  |  |  |  |  |  |  |  |  |
J|  |  |1 |1 |  |  |  |  |  |  |  |  |  |  |  |
V|  |  |  |  |  |  |  |  |  |  |  |  |  |  |  |
S|  |  |  |  |  |  |  |  |  |  |  |  |  |  |  |

42487 42671 123138
Fitness: 198
Se repite  1
 |07|08|09|10|11|12|13|14|15|16|17|18|19|20|21
L|2 |2 |  |  |  |  |  |  |  |  |  |  |  |  |  |
M|0 |0 |1 |1 |  |  |  |  |  |  |  |  |  |  |  |
I|2 |2 |  |  |  |  |  |  |  |  |  |  |  |  |  |
J|0 |0 |1 |1 |  |  |  |  |  |  |  |  |  |  |  |
V|  |  |  |  |  |  |  |  |  |  |  |  |  |  |  |
S|  |  |  |  |  |  |  |  |  |  |  |  |  |  |  |

42677 159734 42479
Fitness: 198
Se repite  3
 |07|08|09|10|11|12|13|14|15|16|17|18|19|20|21
L|  |  |  |  |  |  |  |  |0 |0 |  |  |  |  |  |
M|  |  |  |  |  |  |2 |2 |1 |1 |  |  |  |  |  |
I|  |  |  |  |  |  |  |  |0 |0 |  |  |  |  |  |
J|  |  |  |  |  |  |2 |2 |1 |1 |  |  |  |  |  |
V|  |  |  |  |  |  |  |  |  |  |  |  |  |  |  |
S|  |  |  |  |  |  |  |  |  |  |  |  |  |  |  |

42706 42490 125200
Fitness: 198
Se repite  1
 |07|08|09|10|11|12|13|14|15|16|17|18|19|20|21
L|  |  |1 |1 |0 |0 |  |  |  |  |  |  |  |  |  |
M|  |  |  |  |  |  |  |  |  |  |  |  |  |  |  |
I|  |  |1 |1 |0 |0 |  |  |  |  |  |  |  |  |  |
J|  |  |  |  |  |  |  |  |  |  |  |  |  |  |  |
V|  |  |  |  |  |  |  |  |  |  |  |  |  |  |  |
S|  |  |2 |2 |2 |2 |  |  |  |  |  |  |  |  |  |

42487 42680 125198
Fitness: 198
Se repite  1
 |07|08|09|10|11|12|13|14|15|16|17|18|19|20|21
L|  |  |  |  |0 |0 |  |  |  |  |  |  |  |  |  |
M|  |  |2 |2 |  |  |  |  |  |  |  |  |  |  |  |
I|  |  |1 |1 |0 |0 |  |  |  |  |  |  |  |  |  |
J|  |  |2 |2 |  |  |  |  |  |  |  |  |  |  |  |
V|  |  |1 |1 |  |  |  |  |  |  |  |  |  |  |  |
S|  |  |  |  |  |  |  |  |  |  |  |  |  |  |  |

117863 42695 123139
Fitness: 198
Se repite  1
 |07|08|09|10|11|12|13|14|15|16|17|18|19|20|21
L|  |  |  |  |  |  |  |  |1 |1 |  |  |  |  |  |
M|  |  |  |  |  |  |  |  |0 |0 |  |  |  |  |  |
I|  |  |  |  |  |  |2 |2 |1 |1 |  |  |  |  |  |
J|  |  |  |  |  |  |  |  |0 |0 |  |  |  |  |  |
V|  |  |  |  |  |  |2 |2 |  |  |  |  |  |  |  |
S|  |  |  |  |  |  |  |  |  |  |  |  |  |  |  |

152890 42674 125199
Fitness: 198
Se repite  2
 |07|08|09|10|11|12|13|14|15|16|17|18|19|20|21
L|  |  |0 |0 |  |  |  |  |  |  |  |  |  |  |  |
M|  |  |2 |2 |  |  |  |  |  |  |  |  |  |  |  |
I|  |  |0 |0 |  |  |  |  |  |  |  |  |  |  |  |
J|  |  |2 |2 |  |  |  |  |  |  |  |  |  |  |  |
V|  |  |  |  |  |  |  |  |  |  |  |  |  |  |  |
S|1 |1 |1 |1 |  |  |  |  |  |  |  |  |  |  |  |

57265 123139 42691
Fitness: 198
Se repite  1
 |07|08|09|10|11|12|13|14|15|16|17|18|19|20|21
L|  |  |  |  |  |  |  |  |0 |0 |2 |2 |  |  |  |
M|  |  |  |  |  |  |  |  |  |  |1 |1 |  |  |  |
I|  |  |  |  |  |  |  |  |0 |0 |  |  |  |  |  |
J|  |  |  |  |  |  |  |  |  |  |1 |1 |  |  |  |
V|  |  |  |  |  |  |  |  |  |  |2 |2 |  |  |  |
S|  |  |  |  |  |  |  |  |  |  |  |  |  |  |  |

125210 42681 57626
Fitness: 198
Se repite  2
 |07|08|09|10|11|12|13|14|15|16|17|18|19|20|21
L|  |  |  |  |0 |0 |  |  |  |  |  |  |  |  |  |
M|  |  |1 |1 |  |  |  |  |  |  |  |  |  |  |  |
I|  |  |  |  |0 |0 |  |  |  |  |  |  |  |  |  |
J|  |  |1 |1 |  |  |  |  |  |  |  |  |  |  |  |
V|  |  |  |  |  |  |  |  |  |  |  |  |  |  |  |
S|  |  |2 |2 |2 |2 |  |  |  |  |  |  |  |  |  |

42487 42679 42404
Fitness: 198
Se repite  1
 |07|08|09|10|11|12|13|14|15|16|17|18|19|20|21
L|  |  |0 |0 |2 |2 |  |  |  |  |  |  |  |  |  |
M|  |  |  |  |1 |1 |  |  |  |  |  |  |  |  |  |
I|  |  |0 |0 |2 |2 |  |  |  |  |  |  |  |  |  |
J|  |  |  |  |1 |1 |  |  |  |  |  |  |  |  |  |
V|  |  |  |  |  |  |  |  |  |  |  |  |  |  |  |
S|  |  |  |  |  |  |  |  |  |  |  |  |  |  |  |

124200 57265 42405
Fitness: 198
Se repite  1
 |07|08|09|10|11|12|13|14|15|16|17|18|19|20|21
L|  |  |  |  |  |  |  |  |  |  |0 |0 |  |  |  |
M|  |  |  |  |  |  |  |  |2 |2 |1 |1 |  |  |  |
I|  |  |  |  |  |  |  |  |  |  |0 |0 |  |  |  |
J|  |  |  |  |  |  |  |  |2 |2 |1 |1 |  |  |  |
V|  |  |  |  |  |  |  |  |  |  |  |  |  |  |  |
S|  |  |  |  |  |  |  |  |  |  |  |  |  |  |  |

42486 42707 123141
Fitness: 198
Se repite  1
 |07|08|09|10|11|12|13|14|15|16|17|18|19|20|21
L|  |  |2 |2 |0 |0 |  |  |  |  |  |  |  |  |  |
M|  |  |  |  |1 |1 |  |  |  |  |  |  |  |  |  |
I|  |  |2 |2 |0 |0 |  |  |  |  |  |  |  |  |  |
J|  |  |  |  |1 |1 |  |  |  |  |  |  |  |  |  |
V|  |  |  |  |  |  |  |  |  |  |  |  |  |  |  |
S|  |  |  |  |  |  |  |  |  |  |  |  |  |  |  |

117863 178804 124200
Fitness: 198
Se repite  1
 |07|08|09|10|11|12|13|14|15|16|17|18|19|20|21
L|  |  |  |  |1 |1 |  |  |  |  |  |  |  |  |  |
M|  |  |2 |2 |0 |0 |  |  |  |  |  |  |  |  |  |
I|  |  |  |  |1 |1 |  |  |  |  |  |  |  |  |  |
J|  |  |  |  |0 |0 |  |  |  |  |  |  |  |  |  |
V|  |  |2 |2 |  |  |  |  |  |  |  |  |  |  |  |
S|  |  |  |  |  |  |  |  |  |  |  |  |  |  |  |

124201 42495 171814
Fitness: 198
Se repite  1
 |07|08|09|10|11|12|13|14|15|16|17|18|19|20|21
L|  |  |  |  |0 |0 |  |  |  |  |  |  |  |  |  |
M|  |  |1 |1 |  |  |  |  |  |  |  |  |  |  |  |
I|  |  |  |  |0 |0 |  |  |  |  |  |  |  |  |  |
J|  |  |1 |1 |  |  |  |  |  |  |  |  |  |  |  |
V|  |  |  |  |  |  |  |  |  |  |  |  |  |  |  |
S|  |  |2 |2 |2 |2 |  |  |  |  |  |  |  |  |  |

117863 42671 125198
Fitness: 198
Se repite  1
 |07|08|09|10|11|12|13|14|15|16|17|18|19|20|21
L|  |  |  |  |  |  |  |  |0 |0 |  |  |  |  |  |
M|  |  |  |  |  |  |2 |2 |1 |1 |  |  |  |  |  |
I|  |  |  |  |  |  |  |  |0 |0 |  |  |  |  |  |
J|  |  |  |  |  |  |2 |2 |1 |1 |  |  |  |  |  |
V|  |  |  |  |  |  |  |  |  |  |  |  |  |  |  |
S|  |  |  |  |  |  |  |  |  |  |  |  |  |  |  |

42481 124205 178806
Fitness: 198
Se repite  1
 |07|08|09|10|11|12|13|14|15|16|17|18|19|20|21
L|  |  |0 |0 |  |  |  |  |  |  |  |  |  |  |  |
M|2 |2 |1 |1 |  |  |  |  |  |  |  |  |  |  |  |
I|  |  |0 |0 |  |  |  |  |  |  |  |  |  |  |  |
J|2 |2 |1 |1 |  |  |  |  |  |  |  |  |  |  |  |
V|  |  |  |  |  |  |  |  |  |  |  |  |  |  |  |
S|  |  |  |  |  |  |  |  |  |  |  |  |  |  |  |

42491 42671 123137
Fitness: 198
Se repite  1
 |07|08|09|10|11|12|13|14|15|16|17|18|19|20|21
L|  |  |  |  |  |  |1 |1 |0 |0 |  |  |  |  |  |
M|  |  |  |  |  |  |2 |2 |  |  |  |  |  |  |  |
I|  |  |  |  |  |  |1 |1 |0 |0 |  |  |  |  |  |
J|  |  |  |  |  |  |2 |2 |  |  |  |  |  |  |  |
V|  |  |  |  |  |  |  |  |  |  |  |  |  |  |  |
S|  |  |  |  |  |  |  |  |  |  |  |  |  |  |  |

57626 42697 125200
Fitness: 198
Se repite  2
 |07|08|09|10|11|12|13|14|15|16|17|18|19|20|21
L|  |  |1 |1 |0 |0 |  |  |  |  |  |  |  |  |  |
M|  |  |  |  |2 |2 |  |  |  |  |  |  |  |  |  |
I|  |  |1 |1 |0 |0 |  |  |  |  |  |  |  |  |  |
J|  |  |  |  |  |  |  |  |  |  |  |  |  |  |  |
V|  |  |  |  |2 |2 |  |  |  |  |  |  |  |  |  |
S|  |  |  |  |  |  |  |  |  |  |  |  |  |  |  |

42487 42680 123140
Fitness: 198
Se repite  1
